ts_code,trade_date,open,high,low,close,pre_close,change,pct_chg,vol,amount
300373.SZ,20240102,36.6,36.67,35.93,35.95,36.7,-0.75,-2.0436,358.0,12.93
300373.SZ,20240103,35.87,36.25,34.81,35.15,35.95,-0.8,-2.2253,535.0,18.9
300373.SZ,20240104,35.15,35.15,34.22,34.48,35.15,-0.67,-1.9061,375.0,12.97
300373.SZ,20240105,34.45,35.18,34.4,34.79,34.48,0.31,0.8991,392.0,13.63
300373.SZ,20240108,34.75,34.75,33.68,33.68,34.79,-1.11,-3.1906,433.0,14.76
300373.SZ,20240109,34.05,34.4,33.61,33.68,33.68,0.0,0.0,372.0,12.61
300373.SZ,20240110,33.42,34.12,32.89,33.8,33.68,0.12,0.3563,390.0,13.14
300373.SZ,20240111,33.69,34.55,33.6,34.34,33.8,0.54,1.5976,346.0,11.83
300373.SZ,20240112,34.13,34.6,34.03,34.19,34.34,-0.15,-0.4368,311.0,10.69
300373.SZ,20240115,34.54,38.48,34.54,36.96,34.19,2.77,8.1018,2155.0,79.91
300373.SZ,20240116,36.41,37.38,36.35,37.08,36.96,0.12,0.3247,1264.0,46.65
300373.SZ,20240117,37.08,37.28,36.13,36.16,37.08,-0.92,-2.4811,702.0,25.73
300373.SZ,20240118,35.82,37.88,35.71,37.84,36.16,1.68,4.646,1525.0,56.59
300373.SZ,20240119,37.65,38.15,36.39,36.47,37.84,-1.37,-3.6205,940.0,34.91
300373.SZ,20240122,36.37,36.69,35.15,35.49,36.47,-0.98,-2.6871,839.0,30.17
300373.SZ,20240123,35.65,38.77,35.05,38.15,35.49,2.66,7.4951,1774.0,66.62
300373.SZ,20240124,37.88,39.5,37.5,39.13,38.15,0.98,2.5688,1784.0,68.47
300373.SZ,20240125,38.82,38.94,38.11,38.88,39.13,-0.25,-0.6389,1225.0,47.28
300373.SZ,20240126,38.38,38.63,36.9,37.22,38.88,-1.66,-4.2695,1120.0,42.13
300373.SZ,20240129,37.21,37.75,36.2,36.71,37.22,-0.51,-1.3702,815.0,30.1
300373.SZ,20240130,36.26,37.35,35.82,36.4,36.71,-0.31,-0.8445,671.0,24.61
300373.SZ,20240131,36.0,36.42,32.73,32.82,36.4,-3.58,-9.8352,1280.0,43.75
300373.SZ,20240201,32.51,35.14,32.48,34.22,32.82,1.4,4.2657,955.0,32.76
300373.SZ,20240202,34.33,35.97,33.28,34.31,34.22,0.09,0.263,1132.0,39.49
300373.SZ,20240205,33.9,35.95,32.66,35.3,34.31,0.99,2.8855,1249.0,43.12
300373.SZ,20240206,34.56,38.66,34.55,38.49,35.3,3.19,9.0368,1464.0,54.74
300373.SZ,20240207,38.07,39.85,38.0,39.24,38.49,0.75,1.9486,1512.0,59.34
300373.SZ,20240208,39.5,41.98,39.26,39.46,39.24,0.22,0.5607,1741.0,71.05
300373.SZ,20240219,39.58,40.64,39.01,39.97,39.46,0.51,1.2924,1243.0,49.49
300373.SZ,20240220,39.15,39.3,37.95,38.74,39.97,-1.23,-3.0773,1229.0,47.31
300373.SZ,20240221,38.22,40.04,38.11,38.9,38.74,0.16,0.413,1138.0,44.42
300373.SZ,20240222,38.6,39.47,38.6,39.3,38.9,0.4,1.0283,774.0,30.3
300373.SZ,20240223,39.7,39.9,38.4,39.0,39.3,-0.3,-0.7634,995.0,38.73
300373.SZ,20240226,38.82,39.25,38.46,38.52,39.0,-0.48,-1.2308,961.0,37.25
300373.SZ,20240227,38.3,40.15,38.16,40.15,38.52,1.63,4.2316,1468.0,57.78
300373.SZ,20240228,39.98,40.38,37.51,37.67,40.15,-2.48,-6.1768,1705.0,66.69
300373.SZ,20240229,37.45,39.86,37.45,39.75,37.67,2.08,5.5216,1604.0,62.75
300373.SZ,20240301,40.0,41.2,39.45,40.74,39.75,0.99,2.4906,2010.0,81.37
300373.SZ,20240304,40.57,41.09,39.85,40.53,40.74,-0.21,-0.5155,1322.0,53.35
300373.SZ,20240305,40.3,40.99,39.72,40.0,40.53,-0.53,-1.3077,983.0,39.55
300373.SZ,20240306,39.6,39.88,38.65,39.79,40.0,-0.21,-0.525,1141.0,44.82
300373.SZ,20240307,39.69,40.08,38.65,38.65,39.79,-1.14,-2.865,1067.0,41.75
300373.SZ,20240308,38.72,41.0,38.43,41.0,38.65,2.35,6.0802,1856.0,74.35
300373.SZ,20240311,40.57,41.69,40.48,41.66,41.0,0.66,1.6098,1466.0,60.36
300373.SZ,20240312,41.66,42.04,40.88,41.28,41.66,-0.38,-0.9121,1237.0,51.08
300373.SZ,20240313,41.5,43.17,41.48,41.58,41.28,0.3,0.7267,1816.0,76.95
300373.SZ,20240314,41.1,42.24,40.88,41.42,41.58,-0.16,-0.3848,1245.0,51.77
300373.SZ,20240315,41.4,41.47,40.2,41.44,41.42,0.02,0.0483,1059.0,43.23
300373.SZ,20240318,41.77,42.28,40.9,41.65,41.44,0.21,0.5068,1344.0,55.75
300373.SZ,20240319,41.56,42.6,40.99,41.98,41.65,0.33,0.7923,1457.0,60.93
300373.SZ,20240320,41.72,42.25,41.16,41.68,41.98,-0.3,-0.7146,911.0,37.97
300373.SZ,20240321,42.06,42.16,40.91,40.93,41.68,-0.75,-1.7994,885.0,36.61
300373.SZ,20240322,40.81,41.53,40.11,40.5,40.93,-0.43,-1.0506,877.0,35.66
300373.SZ,20240325,40.0,40.13,38.05,38.15,40.5,-2.35,-5.8025,1358.0,52.83
300373.SZ,20240326,38.32,38.77,37.5,38.02,38.15,-0.13,-0.3408,914.0,34.82
300373.SZ,20240327,37.98,37.99,36.52,36.53,38.02,-1.49,-3.919,807.0,29.96
300373.SZ,20240328,36.55,37.49,36.38,36.9,36.53,0.37,1.0129,766.0,28.33
300373.SZ,20240329,37.03,37.57,36.73,37.48,36.9,0.58,1.5718,556.0,20.65
300373.SZ,20240401,37.95,38.56,37.79,38.44,37.48,0.96,2.5614,764.0,29.19
300373.SZ,20240402,38.23,38.37,37.54,37.74,38.44,-0.7,-1.821,552.0,20.89
300373.SZ,20240403,37.54,37.94,37.07,37.56,37.74,-0.18,-0.4769,477.0,17.9
300373.SZ,20240408,37.79,37.86,36.66,36.69,37.56,-0.87,-2.3163,435.0,16.19
300373.SZ,20240409,36.72,37.24,36.52,37.24,36.69,0.55,1.499,360.0,13.29
300373.SZ,20240410,37.27,37.35,35.5,35.67,37.24,-1.57,-4.2159,697.0,25.14
300373.SZ,20240411,35.65,36.18,35.05,35.2,35.67,-0.47,-1.3176,727.0,25.78
300373.SZ,20240412,35.0,35.75,35.0,35.38,35.2,0.18,0.5114,462.0,16.33
300373.SZ,20240415,35.5,36.99,35.48,36.37,35.38,0.99,2.7982,877.0,31.9
300373.SZ,20240416,36.07,36.39,34.98,34.98,36.37,-1.39,-3.8218,708.0,25.29
300373.SZ,20240417,35.3,36.13,35.3,35.87,34.98,0.89,2.5443,850.0,30.37
300373.SZ,20240418,35.6,35.99,34.8,35.35,35.87,-0.52,-1.4497,663.0,23.54
300373.SZ,20240419,35.2,35.2,34.36,34.58,35.35,-0.77,-2.1782,637.0,22.08
300373.SZ,20240422,35.0,36.01,34.6,35.43,34.58,0.85,2.4581,799.0,28.42
300373.SZ,20240423,35.67,36.08,35.32,36.05,35.43,0.62,1.7499,711.0,25.42
300373.SZ,20240424,35.9,36.19,35.7,36.08,36.05,0.03,0.0832,625.0,22.47
300373.SZ,20240425,36.0,36.74,35.71,36.18,36.08,0.1,0.2772,683.0,24.76
300373.SZ,20240426,35.82,36.93,35.82,36.89,36.18,0.71,1.9624,809.0,29.56
300373.SZ,20240429,36.58,38.33,36.52,38.11,36.89,1.22,3.3071,1311.0,49.29
300373.SZ,20240430,38.04,38.39,37.68,37.97,38.11,-0.14,-0.3674,747.0,28.36
300373.SZ,20240506,38.3,38.92,37.86,37.91,37.97,-0.06,-0.158,744.0,28.5
300373.SZ,20240507,37.86,38.05,37.72,37.84,37.91,-0.07,-0.1846,443.0,16.79
300373.SZ,20240508,37.79,37.79,36.68,36.8,37.84,-1.04,-2.7484,556.0,20.6
300373.SZ,20240509,36.79,39.48,36.79,39.25,36.8,2.45,6.6576,1407.0,53.96
300373.SZ,20240510,39.19,39.6,38.21,38.38,39.25,-0.87,-2.2166,1098.0,42.5
300373.SZ,20240513,38.0,38.13,37.5,37.62,38.38,-0.76,-1.9802,550.0,20.77
300373.SZ,20240514,37.78,38.14,37.34,37.47,37.62,-0.15,-0.3987,496.0,18.68
300373.SZ,20240515,37.19,37.75,36.95,37.02,37.47,-0.45,-1.201,444.0,16.55
300373.SZ,20240516,37.2,37.5,36.72,36.81,37.02,-0.21,-0.5673,513.0,19.02
300373.SZ,20240517,36.86,37.18,35.88,37.16,36.81,0.35,0.9508,665.0,24.29
300373.SZ,20240520,37.02,37.45,36.71,36.87,37.16,-0.29,-0.7804,520.0,19.24
300373.SZ,20240521,36.7,36.93,36.33,36.52,36.87,-0.35,-0.9493,360.0,13.14
300373.SZ,20240522,36.7,37.36,36.4,37.21,36.52,0.69,1.8894,538.0,19.88
300373.SZ,20240523,37.38,37.5,36.25,36.33,37.21,-0.88,-2.365,533.0,19.62
300373.SZ,20240524,36.32,36.57,35.5,35.54,36.33,-0.79,-2.1745,428.0,15.36
300373.SZ,20240527,35.89,36.45,34.94,36.4,35.54,0.86,2.4198,601.0,21.44
300373.SZ,20240528,35.9,37.26,35.68,36.16,35.8,0.36,1.0056,932.0,34.1
300373.SZ,20240529,35.8,36.71,35.75,36.52,36.16,0.36,0.9956,567.0,20.62
300373.SZ,20240530,36.24,37.23,36.05,36.91,36.52,0.39,1.0679,780.0,28.73
300373.SZ,20240531,36.85,37.23,36.27,36.27,36.91,-0.64,-1.7339,927.0,34.03
300373.SZ,20240603,36.21,37.23,36.21,36.7,36.27,0.43,1.1856,734.0,27.02
300373.SZ,20240604,36.7,38.28,36.36,38.22,36.7,1.52,4.1417,1464.0,55.02
300373.SZ,20240605,37.9,38.8,37.88,38.09,38.22,-0.13,-0.3401,1275.0,48.98
300373.SZ,20240606,39.89,40.78,38.01,38.1,38.09,0.01,0.0263,1516.0,59.13
300373.SZ,20240607,39.0,39.27,37.75,38.06,38.1,-0.04,-0.105,1080.0,41.53
300373.SZ,20240611,37.81,39.14,37.68,38.88,38.06,0.82,2.1545,1375.0,53.04
300373.SZ,20240612,38.51,38.77,38.09,38.36,38.88,-0.52,-1.3374,913.0,35.06
300373.SZ,20240613,38.5,39.57,38.44,38.9,38.36,0.54,1.4077,1366.0,53.34
300373.SZ,20240614,38.9,39.4,38.36,39.22,38.9,0.32,0.8226,1008.0,39.3
300373.SZ,20240617,39.5,42.34,39.22,41.2,39.22,1.98,5.0484,2997.0,123.73
300373.SZ,20240618,41.0,41.26,39.73,40.13,41.2,-1.07,-2.5971,2343.0,94.34
300373.SZ,20240619,40.1,40.69,39.2,39.9,40.13,-0.23,-0.5731,1284.0,51.17
300373.SZ,20240620,39.58,40.8,39.5,39.7,39.9,-0.2,-0.5013,1435.0,57.71
300373.SZ,20240621,39.01,40.46,38.7,40.32,39.7,0.62,1.5617,1123.0,44.75
300373.SZ,20240624,40.11,40.69,39.1,39.23,40.32,-1.09,-2.7034,1002.0,39.95
300373.SZ,20240625,39.08,39.51,37.9,38.2,39.23,-1.03,-2.6255,1125.0,43.27
300373.SZ,20240626,38.5,39.55,38.02,39.46,38.2,1.26,3.2984,856.0,33.25
300373.SZ,20240627,39.09,39.52,38.25,38.39,39.46,-1.07,-2.7116,824.0,31.93
300373.SZ,20240628,38.33,39.65,38.18,38.9,38.39,0.51,1.3285,945.0,36.99
300373.SZ,20240701,39.11,39.24,37.98,38.86,38.9,-0.04,-0.1028,653.0,25.22
300373.SZ,20240702,38.71,38.87,37.5,37.72,38.86,-1.14,-2.9336,898.0,34.03
300373.SZ,20240703,37.68,38.3,36.76,37.6,37.72,-0.12,-0.3181,768.0,28.83
300373.SZ,20240704,37.51,38.13,37.06,37.13,37.6,-0.47,-1.25,509.0,19.08
300373.SZ,20240705,36.9,37.38,35.68,36.22,37.13,-0.91,-2.4508,688.0,24.92
300373.SZ,20240708,36.28,38.26,36.28,37.31,36.22,1.09,3.0094,1107.0,41.32
300373.SZ,20240709,37.08,40.15,37.01,40.04,37.31,2.73,7.3171,1762.0,69.04
300373.SZ,20240710,39.91,40.62,39.7,40.08,40.04,0.04,0.0999,943.0,37.86
300373.SZ,20240711,40.5,40.58,39.9,40.4,40.08,0.32,0.7984,787.0,31.66
300373.SZ,20240712,40.03,41.77,40.02,41.51,40.4,1.11,2.7475,1214.0,49.99
300373.SZ,20240715,41.35,42.33,41.2,41.67,41.51,0.16,0.3854,943.0,39.49
300373.SZ,20240716,41.57,44.16,41.33,44.04,41.67,2.37,5.6875,2014.0,86.8
300373.SZ,20240717,43.78,44.51,43.57,43.6,44.04,-0.44,-0.9991,1304.0,57.38
300373.SZ,20240718,42.9,44.36,42.76,43.75,43.6,0.15,0.344,1187.0,51.59
300373.SZ,20240719,43.73,45.0,43.49,44.36,43.75,0.61,1.3943,1399.0,62.23
300373.SZ,20240722,44.1,44.7,43.74,43.78,44.36,-0.58,-1.3075,974.0,42.95
300373.SZ,20240723,43.7,43.78,42.04,42.12,43.78,-1.66,-3.7917,1008.0,43.18
300373.SZ,20240724,42.16,42.69,41.5,41.71,42.12,-0.41,-0.9734,682.0,28.67
300373.SZ,20240725,41.53,42.0,41.31,41.58,41.71,-0.13,-0.3117,552.0,22.99
300373.SZ,20240726,41.61,42.66,41.36,42.03,41.58,0.45,1.0823,781.0,32.75
300373.SZ,20240729,42.01,42.5,41.34,41.41,42.03,-0.62,-1.4751,629.0,26.36
300373.SZ,20240730,41.15,42.09,40.69,41.84,41.41,0.43,1.0384,751.0,31.18
300373.SZ,20240731,41.6,43.39,41.52,43.2,41.84,1.36,3.2505,1165.0,49.83
300373.SZ,20240801,43.09,44.17,42.7,43.35,43.2,0.15,0.3472,961.0,41.75
300373.SZ,20240802,42.52,43.16,41.9,42.06,43.35,-1.29,-2.9758,830.0,35.2
300373.SZ,20240805,41.5,42.34,40.75,40.8,42.06,-1.26,-2.9957,768.0,31.77
300373.SZ,20240806,41.4,41.59,39.76,40.49,40.8,-0.31,-0.7598,934.0,37.72
300373.SZ,20240807,40.58,40.66,39.68,39.74,40.49,-0.75,-1.8523,462.0,18.54
300373.SZ,20240808,39.6,40.46,39.13,39.81,39.74,0.07,0.1761,495.0,19.66
300373.SZ,20240809,40.56,40.75,39.72,39.73,39.81,-0.08,-0.201,463.0,18.62
300373.SZ,20240812,39.69,39.86,39.07,39.21,39.73,-0.52,-1.3088,409.0,16.1
300373.SZ,20240813,39.25,39.92,38.91,39.51,39.21,0.3,0.7651,447.0,17.6
300373.SZ,20240814,39.53,39.62,38.8,38.8,39.51,-0.71,-1.797,346.0,13.54
300373.SZ,20240815,38.68,39.09,38.27,38.62,38.8,-0.18,-0.4639,712.0,27.54
300373.SZ,20240816,38.61,38.77,38.02,38.04,38.62,-0.58,-1.5018,500.0,19.17
300373.SZ,20240819,38.1,38.78,37.8,38.21,38.04,0.17,0.4469,493.0,18.92
300373.SZ,20240820,38.1,38.25,37.44,37.65,38.21,-0.56,-1.4656,532.0,20.05
300373.SZ,20240821,37.44,37.75,36.85,36.88,37.65,-0.77,-2.0452,483.0,17.96
300373.SZ,20240822,36.99,37.11,36.19,36.33,36.88,-0.55,-1.4913,462.0,16.86
300373.SZ,20240823,36.33,36.75,35.44,35.9,36.33,-0.43,-1.1836,737.0,26.57
300373.SZ,20240826,36.2,36.2,35.08,35.23,35.9,-0.67,-1.8663,683.0,24.28
300373.SZ,20240827,35.21,35.28,34.15,34.33,35.23,-0.9,-2.5546,759.0,26.28
300373.SZ,20240828,34.32,34.86,33.95,34.75,34.33,0.42,1.2234,561.0,19.34
300373.SZ,20240829,34.57,35.92,34.46,35.66,34.75,0.91,2.6187,784.0,27.83
300373.SZ,20240830,35.5,37.14,35.31,36.35,35.66,0.69,1.9349,984.0,35.84
300373.SZ,20240902,36.16,36.85,35.65,35.65,36.35,-0.7,-1.9257,670.0,24.24
300373.SZ,20240903,35.61,36.28,35.6,36.03,35.65,0.38,1.0659,439.0,15.8
300373.SZ,20240904,35.57,36.25,35.37,35.86,36.03,-0.17,-0.4718,382.0,13.69
300373.SZ,20240905,36.04,36.55,35.82,36.09,35.86,0.23,0.6414,373.0,13.48
300373.SZ,20240906,36.06,36.07,34.96,34.96,36.09,-1.13,-3.1311,461.0,16.31
300373.SZ,20240909,34.71,35.23,34.71,34.95,34.96,-0.01,-0.0286,350.0,12.23
300373.SZ,20240910,35.03,35.34,34.2,35.05,34.95,0.1,0.2861,505.0,17.5
300373.SZ,20240911,35.0,35.18,34.69,35.14,35.05,0.09,0.2568,323.0,11.3
300373.SZ,20240912,35.35,35.53,34.48,34.5,35.14,-0.64,-1.8213,392.0,13.69
300373.SZ,20240913,34.75,34.75,34.1,34.15,34.5,-0.35,-1.0145,353.0,12.14
300373.SZ,20240918,34.2,34.38,33.22,33.66,34.15,-0.49,-1.4348,412.0,13.86
300373.SZ,20240919,33.88,34.56,33.34,33.8,33.66,0.14,0.4159,530.0,17.98
300373.SZ,20240920,33.8,33.95,33.2,33.4,33.8,-0.4,-1.1834,396.0,13.24
300373.SZ,20240923,33.35,33.89,33.34,33.5,33.4,0.1,0.2994,363.0,12.22
300373.SZ,20240924,33.69,34.98,33.25,34.98,33.5,1.48,4.4179,784.0,26.9
300373.SZ,20240925,35.29,36.0,34.96,35.1,34.98,0.12,0.3431,854.0,30.32
300373.SZ,20240926,34.95,36.93,34.95,36.93,35.1,1.83,5.2137,879.0,31.61
300373.SZ,20240927,37.29,39.69,36.94,39.25,36.67,2.58,7.0357,1357.0,52.06
300373.SZ,20240930,40.78,45.65,40.54,45.4,39.25,6.15,15.6688,3114.0,134.65
300373.SZ,20241008,54.48,54.48,50.39,54.48,45.4,9.08,20.0,5081.0,272.01
300373.SZ,20241009,51.03,54.35,48.56,49.23,54.48,-5.25,-9.6366,4520.0,233.22
300373.SZ,20241010,49.51,50.58,46.2,46.34,49.23,-2.89,-5.8704,2738.0,130.45
300373.SZ,20241011,45.66,46.8,43.04,43.65,46.34,-2.69,-5.8049,2089.0,92.48
300373.SZ,20241014,43.66,45.79,42.31,45.3,43.65,1.65,3.7801,2089.0,92.05
300373.SZ,20241015,44.82,46.66,44.58,44.68,45.3,-0.62,-1.3687,1939.0,88.38
300373.SZ,20241016,43.88,45.97,43.8,45.0,44.68,0.32,0.7162,1743.0,78.69
300373.SZ,20241017,45.66,45.98,44.3,44.37,45.0,-0.63,-1.4,1623.0,73.29
300373.SZ,20241018,44.35,50.1,44.27,48.42,44.37,4.05,9.1278,3490.0,164.84
300373.SZ,20241021,49.03,52.49,49.0,50.04,48.42,1.62,3.3457,3984.0,201.27
300373.SZ,20241022,50.0,50.98,49.03,50.2,50.04,0.16,0.3197,2322.0,116.14
300373.SZ,20241023,49.73,50.16,48.31,48.62,50.2,-1.58,-3.1474,2318.0,114.28
300373.SZ,20241024,48.12,49.28,47.81,48.46,48.62,-0.16,-0.3291,1511.0,73.46
300373.SZ,20241025,48.66,49.24,47.67,48.39,48.46,-0.07,-0.1444,1572.0,76.13
300373.SZ,20241028,48.4,49.05,48.05,48.46,48.39,0.07,0.1447,1303.0,63.17
300373.SZ,20241029,48.42,49.17,47.47,47.47,48.46,-0.99,-2.0429,1737.0,83.82
300373.SZ,20241030,47.02,47.85,46.32,47.0,47.47,-0.47,-0.9901,1382.0,65.07
300373.SZ,20241031,46.89,48.53,46.11,47.68,47.0,0.68,1.4468,1989.0,94.41
300373.SZ,20241101,47.15,47.31,45.01,45.18,47.68,-2.5,-5.2433,1757.0,80.79
300373.SZ,20241104,45.49,46.43,45.2,46.4,45.18,1.22,2.7003,1079.0,49.59
300373.SZ,20241105,46.38,48.68,46.28,48.42,46.4,2.02,4.3534,1949.0,93.41
300373.SZ,20241106,48.66,49.58,47.89,48.3,48.42,-0.12,-0.2478,2117.0,103.14
300373.SZ,20241107,48.03,49.45,47.9,49.16,48.3,0.86,1.7805,1596.0,77.9
300373.SZ,20241108,50.77,51.77,49.08,49.39,49.16,0.23,0.4679,3229.0,162.63
300373.SZ,20241111,49.52,51.49,49.51,51.39,49.39,2.0,4.0494,2775.0,140.96
300373.SZ,20241112,51.44,51.56,49.6,50.38,51.39,-1.01,-1.9654,2119.0,107.12
300373.SZ,20241113,49.88,50.12,48.91,50.03,50.38,-0.35,-0.6947,1414.0,70.11
300373.SZ,20241114,49.84,49.89,47.6,47.76,50.03,-2.27,-4.5373,1482.0,72.03
300373.SZ,20241115,47.58,50.5,47.02,48.04,47.76,0.28,0.5863,2086.0,101.48
300373.SZ,20241118,48.3,48.59,45.22,45.76,48.04,-2.28,-4.746,1611.0,74.99
300373.SZ,20241119,46.1,47.25,45.62,47.11,45.76,1.35,2.9502,1064.0,49.4
300373.SZ,20241120,46.71,47.38,46.4,46.88,47.11,-0.23,-0.4882,998.0,46.76
300373.SZ,20241121,46.56,46.92,45.7,46.37,46.88,-0.51,-1.0879,1004.0,46.62
300373.SZ,20241122,46.03,46.88,43.77,43.85,46.37,-2.52,-5.4345,1258.0,56.88
300373.SZ,20241125,43.85,44.43,43.2,44.07,43.85,0.22,0.5017,898.0,39.31
300373.SZ,20241126,43.98,45.02,43.86,44.05,44.07,-0.02,-0.0454,637.0,28.33
300373.SZ,20241127,44.03,45.4,43.34,45.38,44.05,1.33,3.0193,999.0,44.57
300373.SZ,20241128,45.38,45.83,44.69,44.83,45.38,-0.55,-1.212,836.0,37.86
300373.SZ,20241129,44.65,45.93,44.3,45.28,44.83,0.45,1.0038,972.0,43.92
300373.SZ,20241202,45.07,45.82,44.85,45.44,45.28,0.16,0.3534,901.0,40.9
300373.SZ,20241203,45.37,45.58,44.33,44.79,45.44,-0.65,-1.4305,824.0,36.9
300373.SZ,20241204,46.51,47.45,45.31,45.41,44.79,0.62,1.3842,2073.0,96.6
300373.SZ,20241205,45.01,46.36,45.01,45.64,45.41,0.23,0.5065,1111.0,50.86
300373.SZ,20241206,45.45,46.38,44.98,45.8,45.64,0.16,0.3506,1172.0,53.54
300373.SZ,20241209,45.7,45.74,44.61,44.98,45.8,-0.82,-1.7904,851.0,38.42
300373.SZ,20241210,46.6,46.77,45.3,45.49,44.98,0.51,1.1338,1189.0,54.78
300373.SZ,20241211,45.48,46.33,45.22,45.7,45.49,0.21,0.4616,963.0,44.03
300373.SZ,20241212,45.7,45.83,45.09,45.73,45.7,0.03,0.0656,745.0,33.9
300373.SZ,20241213,45.35,46.44,44.9,45.68,45.73,-0.05,-0.1093,1286.0,58.61
300373.SZ,20241216,45.7,46.08,44.54,44.83,45.68,-0.85,-1.8608,922.0,41.83
300373.SZ,20241217,44.67,45.13,44.31,44.46,44.83,-0.37,-0.8253,683.0,30.49
300373.SZ,20241218,44.55,45.87,44.26,45.7,44.46,1.24,2.789,1093.0,49.48
300373.SZ,20241219,45.13,46.33,44.8,46.19,45.7,0.49,1.0722,1170.0,53.68
300373.SZ,20241220,46.19,47.71,45.95,46.72,46.19,0.53,1.1474,1625.0,76.14
300373.SZ,20241223,46.56,47.08,45.85,45.95,46.72,-0.77,-1.6481,1053.0,48.86
300373.SZ,20241224,46.09,47.48,45.35,47.36,45.95,1.41,3.0686,1479.0,68.86
300373.SZ,20241225,47.0,47.35,46.46,46.77,47.36,-0.59,-1.2458,1023.0,47.92
300373.SZ,20241226,46.57,47.73,46.47,47.6,46.77,0.83,1.7746,1459.0,69.03
300373.SZ,20241227,47.43,48.1,46.65,46.65,47.6,-0.95,-1.9958,1470.0,69.64
300373.SZ,20241230,46.2,46.93,45.88,46.2,46.65,-0.45,-0.9646,889.0,41.22
300373.SZ,20241231,46.19,46.35,43.51,43.52,46.2,-2.68,-5.8009,1353.0,60.34
300373.SZ,20250102,43.58,43.67,40.86,41.38,43.52,-2.14,-4.9173,1201.0,50.72
300373.SZ,20250103,41.68,41.86,40.36,40.48,41.38,-0.9,-2.175,923.0,37.95
300373.SZ,20250106,40.48,40.89,40.22,40.64,40.48,0.16,0.3953,674.0,27.33
300373.SZ,20250107,40.69,41.58,40.5,41.42,40.64,0.78,1.9193,747.0,30.69
300373.SZ,20250108,41.03,41.57,39.7,40.97,41.42,-0.45,-1.0864,976.0,39.71
300373.SZ,20250109,40.7,41.84,40.61,41.48,40.97,0.51,1.2448,793.0,32.94
300373.SZ,20250110,41.2,42.27,40.76,40.76,41.48,-0.72,-1.7358,701.0,29.17
300373.SZ,20250113,40.35,41.2,40.06,40.95,40.76,0.19,0.4661,484.0,19.75
300373.SZ,20250114,41.18,42.84,40.69,42.8,40.95,1.85,4.5177,970.0,40.8
300373.SZ,20250115,42.5,43.08,42.31,42.59,42.8,-0.21,-0.4907,731.0,31.2
300373.SZ,20250116,42.79,43.28,42.1,42.36,42.59,-0.23,-0.54,718.0,30.59
300373.SZ,20250117,42.07,43.87,42.07,43.47,42.36,1.11,2.6204,1004.0,43.33
300373.SZ,20250120,43.62,43.93,43.12,43.38,43.47,-0.09,-0.207,699.0,30.39
300373.SZ,20250121,43.45,44.3,43.12,44.1,43.38,0.72,1.6598,866.0,37.94
300373.SZ,20250122,43.89,44.37,43.71,44.08,44.1,-0.02,-0.0454,633.0,27.87
300373.SZ,20250123,44.53,45.09,43.93,43.95,44.08,-0.13,-0.2949,879.0,39.13
300373.SZ,20250124,43.79,44.38,43.7,44.13,43.95,0.18,0.4096,593.0,26.21
300373.SZ,20250127,44.21,44.57,43.2,43.2,44.13,-0.93,-2.1074,534.0,23.34
300373.SZ,20250205,43.88,44.22,43.38,43.5,43.2,0.3,0.6944,630.0,27.6
300373.SZ,20250206,43.31,44.63,43.2,44.53,43.5,1.03,2.3678,965.0,42.73
300373.SZ,20250207,44.54,45.24,44.07,44.64,44.53,0.11,0.247,1290.0,57.65
300373.SZ,20250210,44.5,44.97,44.34,44.5,44.64,-0.14,-0.3136,874.0,39.01
300373.SZ,20250211,44.48,44.51,43.51,44.06,44.5,-0.44,-0.9888,716.0,31.41
300373.SZ,20250212,43.91,45.68,43.62,45.66,44.06,1.6,3.6314,1560.0,70.11
300373.SZ,20250213,45.5,46.07,44.59,44.62,45.66,-1.04,-2.2777,1175.0,53.06
300373.SZ,20250214,44.3,44.95,43.88,44.73,44.62,0.11,0.2465,861.0,38.28
300373.SZ,20250217,44.89,45.06,44.1,44.59,44.73,-0.14,-0.313,971.0,43.21
300373.SZ,20250218,44.67,45.19,43.43,43.53,44.59,-1.06,-2.3772,1033.0,45.79
300373.SZ,20250219,43.51,45.27,43.31,45.15,43.53,1.62,3.7216,1485.0,66.55
300373.SZ,20250220,45.3,45.88,44.93,45.52,45.15,0.37,0.8195,1094.0,49.72
300373.SZ,20250221,45.53,46.5,45.3,46.32,45.52,0.8,1.7575,1487.0,68.46
300373.SZ,20250224,46.11,46.77,45.55,46.46,46.32,0.14,0.3022,1322.0,61.08
300373.SZ,20250225,45.58,47.15,45.5,46.65,46.46,0.19,0.409,1320.0,61.39
300373.SZ,20250226,46.72,46.82,46.02,46.34,46.65,-0.31,-0.6645,1215.0,56.35
300373.SZ,20250227,46.35,47.0,45.26,46.05,46.34,-0.29,-0.6258,1201.0,55.4
300373.SZ,20250228,45.62,45.97,43.66,43.92,46.05,-2.13,-4.6254,1307.0,58.63
300373.SZ,20250303,44.0,45.62,43.11,44.87,43.92,0.95,2.163,1154.0,51.63
300373.SZ,20250304,44.58,46.84,44.5,46.33,44.87,1.46,3.2538,1567.0,71.81
300373.SZ,20250305,46.09,46.85,45.64,46.3,46.33,-0.03,-0.0648,921.0,42.53
300373.SZ,20250306,46.41,47.35,46.31,46.81,46.3,0.51,1.1015,1420.0,66.65
300373.SZ,20250307,46.66,49.33,46.56,47.61,46.81,0.8,1.709,2456.0,117.99
300373.SZ,20250310,47.45,48.13,46.97,47.68,47.61,0.07,0.147,1452.0,69.07
300373.SZ,20250311,47.0,48.75,46.93,48.52,47.68,0.84,1.7617,1549.0,74.43
300373.SZ,20250312,48.52,50.98,48.5,49.88,48.52,1.36,2.803,2347.0,117.75
300373.SZ,20250327,44.5,47.68,44.5,46.25,49.88,-3.63,-7.2775,2751.0,127.03
300373.SZ,20250328,46.25,48.1,46.25,46.33,46.25,0.08,0.173,1673.0,78.8
300373.SZ,20250331,47.3,48.5,45.76,46.41,46.33,0.08,0.1727,1436.0,67.31
300373.SZ,20250401,46.68,47.1,45.76,46.36,46.41,-0.05,-0.1077,1076.0,49.87
300373.SZ,20250402,46.3,48.49,46.2,47.64,46.36,1.28,2.761,1318.0,62.78
300373.SZ,20250403,47.0,48.07,45.94,46.5,47.64,-1.14,-2.3929,1162.0,54.5
300373.SZ,20250407,44.1,44.84,37.9,39.54,46.5,-6.96,-14.9677,1995.0,82.51
300373.SZ,20250408,40.55,42.15,40.22,41.08,39.54,1.54,3.8948,1456.0,59.9
300373.SZ,20250409,40.22,43.72,39.92,42.48,41.08,1.4,3.408,1509.0,63.56
300373.SZ,20250410,43.5,44.72,42.99,42.99,42.48,0.51,1.2006,1237.0,54.14
300373.SZ,20250411,42.56,47.52,42.48,46.8,42.99,3.81,8.8625,2184.0,99.77
300373.SZ,20250414,47.3,47.41,45.77,45.93,46.8,-0.87,-1.859,1553.0,71.82
300373.SZ,20250415,45.9,46.1,45.0,45.32,45.93,-0.61,-1.3281,729.0,33.04
300373.SZ,20250416,45.08,46.66,45.08,45.81,45.32,0.49,1.0812,1188.0,54.42
300373.SZ,20250417,45.33,46.75,45.2,45.26,45.81,-0.55,-1.2006,1002.0,46.13
300373.SZ,20250418,45.34,45.38,44.41,44.97,45.26,-0.29,-0.6407,643.0,28.87
300373.SZ,20250421,45.02,45.55,44.8,45.5,44.97,0.53,1.1786,566.0,25.56
300373.SZ,20250422,45.15,47.3,45.07,46.81,45.5,1.31,2.8791,1486.0,69.2
300373.SZ,20250423,46.85,46.99,46.01,46.71,46.81,-0.1,-0.2136,1051.0,48.92
300373.SZ,20250424,46.71,46.95,46.11,46.43,46.71,-0.28,-0.5994,656.0,30.43
300373.SZ,20250425,47.69,48.66,46.99,48.05,46.43,1.62,3.4891,1794.0,85.88
300373.SZ,20250428,47.75,48.47,47.56,47.8,48.05,-0.25,-0.5203,960.0,46.05
300373.SZ,20250429,47.62,48.47,47.34,48.19,47.8,0.39,0.8159,920.0,44.14
300373.SZ,20250430,47.78,48.83,47.51,48.35,47.79,0.56,1.1718,1071.0,51.69
300373.SZ,20250506,48.66,48.85,47.86,48.53,48.35,0.18,0.3723,1577.0,76.31
300373.SZ,20250507,49.0,49.25,47.4,47.78,48.53,-0.75,-1.5454,1293.0,62.04
300373.SZ,20250508,47.67,48.05,47.57,47.96,47.78,0.18,0.3767,738.0,35.3
300373.SZ,20250509,47.66,47.88,47.07,47.2,47.96,-0.76,-1.5847,709.0,33.63
300373.SZ,20250512,47.66,48.0,47.11,47.58,47.2,0.38,0.8051,827.0,39.29
300373.SZ,20250513,47.98,48.44,47.11,47.17,47.58,-0.41,-0.8617,918.0,43.78
300373.SZ,20250514,47.3,47.54,46.38,46.93,47.17,-0.24,-0.5088,909.0,42.55
300373.SZ,20250515,46.86,47.38,46.46,47.05,46.93,0.12,0.2557,946.0,44.51
300373.SZ,20250516,46.98,48.23,46.59,47.15,47.05,0.1,0.2125,895.0,42.49
300373.SZ,20250519,47.14,48.99,46.95,48.15,47.15,1.0,2.1209,1636.0,79.08
300373.SZ,20250520,48.2,49.72,47.65,49.55,48.15,1.4,2.9076,1812.0,89.17
300373.SZ,20250521,49.21,49.4,48.39,48.67,49.55,-0.88,-1.776,965.0,47.05
300373.SZ,20250522,48.77,49.08,47.95,48.09,48.67,-0.58,-1.1917,916.0,44.5
300373.SZ,20250523,47.92,48.26,47.02,47.24,48.09,-0.85,-1.7675,939.0,44.64
300373.SZ,20250526,47.1,47.71,47.1,47.32,47.24,0.08,0.1693,531.0,25.17
300373.SZ,20250527,47.5,48.54,47.01,48.04,47.32,0.72,1.5216,798.0,38.15
300373.SZ,20250528,48.01,48.52,47.26,47.3,48.04,-0.74,-1.5404,672.0,32.13
300373.SZ,20250529,47.47,48.84,47.42,48.73,47.3,1.43,3.0233,927.0,44.86
300373.SZ,20250530,48.43,48.57,47.21,47.45,48.73,-1.28,-2.6267,760.0,36.25
300373.SZ,20250603,47.45,49.27,47.39,48.71,47.45,1.26,2.6554,1092.0,53.24
300373.SZ,20250604,48.6,48.95,48.32,48.6,48.71,-0.11,-0.2258,745.0,36.2
300373.SZ,20250605,48.48,49.51,48.21,49.32,48.6,0.72,1.4815,1042.0,51.05
300373.SZ,20250606,49.16,49.55,48.74,49.33,49.32,0.01,0.0203,662.0,32.47
300373.SZ,20250609,49.3,49.38,48.53,48.72,49.33,-0.61,-1.2366,779.0,38.09
300373.SZ,20250610,48.64,48.73,47.41,47.67,48.72,-1.05,-2.1552,947.0,45.46
300373.SZ,20250611,47.69,49.47,47.69,49.3,47.67,1.63,3.4193,1325.0,64.79
300373.SZ,20250612,49.05,49.43,48.73,48.87,49.3,-0.43,-0.8722,616.0,30.2
300373.SZ,20250613,48.7,49.35,47.9,48.32,48.87,-0.55,-1.1254,721.0,34.97
300373.SZ,20250616,48.14,49.29,48.14,48.4,48.32,0.08,0.1656,559.0,27.17
300373.SZ,20250617,48.4,48.6,47.5,47.76,48.4,-0.64,-1.3223,623.0,29.88
300373.SZ,20250618,47.65,48.58,47.5,48.4,47.76,0.64,1.34,539.0,25.95
300373.SZ,20250619,48.36,52.26,48.25,51.15,48.4,2.75,5.6818,2965.0,151.22
300373.SZ,20250620,51.47,51.68,50.48,50.66,51.15,-0.49,-0.958,1319.0,67.23
300373.SZ,20250623,50.41,51.48,49.99,50.81,50.66,0.15,0.2961,1335.0,67.63
300373.SZ,20250624,51.05,51.48,50.71,51.27,50.81,0.46,0.9053,1551.0,79.27
300373.SZ,20250625,51.48,51.8,50.68,51.61,51.27,0.34,0.6632,1602.0,82.17
300373.SZ,20250626,51.9,53.16,50.77,50.96,51.61,-0.65,-1.2594,1747.0,89.89
300373.SZ,20250627,51.6,52.19,50.6,51.27,50.96,0.31,0.6083,1373.0,70.61
300373.SZ,20250630,51.41,51.99,51.15,51.9,51.27,0.63,1.2288,1286.0,66.38
300373.SZ,20250701,51.87,53.64,51.66,53.5,51.9,1.6,3.0829,1661.0,87.84
300373.SZ,20250702,53.01,53.18,50.51,50.62,53.5,-2.88,-5.3832,1888.0,97.06
300373.SZ,20250703,50.62,51.75,50.3,51.6,50.62,0.98,1.936,1168.0,59.61
300373.SZ,20250704,51.38,51.44,49.2,49.85,51.6,-1.75,-3.3915,1647.0,82.26
300373.SZ,20250707,49.7,50.48,49.52,49.86,49.85,0.01,0.0201,665.0,33.25
300373.SZ,20250708,50.02,52.15,49.99,51.44,49.86,1.58,3.1689,1560.0,80.48
300373.SZ,20250709,51.44,51.63,50.74,51.24,51.44,-0.2,-0.3888,806.0,41.22
300373.SZ,20250710,51.05,51.23,50.3,50.78,51.24,-0.46,-0.8977,756.0,38.35
300373.SZ,20250711,50.9,52.0,50.7,51.33,50.78,0.55,1.0831,968.0,49.85
300373.SZ,20250714,51.32,51.47,50.83,51.14,51.33,-0.19,-0.3702,565.0,28.93
300373.SZ,20250715,51.14,51.85,50.38,51.0,51.14,-0.14,-0.2738,853.0,43.59
300373.SZ,20250716,50.99,51.94,50.7,50.87,51.0,-0.13,-0.2549,826.0,42.37
300373.SZ,20250717,50.74,51.14,50.21,51.13,50.87,0.26,0.5111,1032.0,52.32
300373.SZ,20250718,51.29,51.66,50.93,51.3,51.13,0.17,0.3325,819.0,41.98
300373.SZ,20250721,51.3,51.75,50.85,51.68,51.3,0.38,0.7407,751.0,38.58
300373.SZ,20250722,52.41,53.58,52.02,52.33,51.68,0.65,1.2577,1847.0,97.54
300373.SZ,20250723,52.0,53.17,51.9,52.64,52.33,0.31,0.5924,1134.0,59.56
300373.SZ,20250724,52.76,53.17,52.33,52.88,52.64,0.24,0.4559,1048.0,55.3
300373.SZ,20250725,52.9,54.72,52.53,54.61,52.88,1.73,3.2716,1755.0,94.38
300373.SZ,20250728,55.1,55.1,53.91,54.49,54.61,-0.12,-0.2197,1418.0,77.14
300373.SZ,20250729,54.36,55.99,54.21,55.57,54.49,1.08,1.982,1651.0,91.08
300373.SZ,20250730,55.25,55.47,54.07,54.65,55.57,-0.92,-1.6556,1357.0,74.34
300373.SZ,20250731,54.25,55.19,53.29,53.53,54.65,-1.12,-2.0494,1271.0,68.84
300373.SZ,20250801,53.55,54.74,53.2,54.22,53.53,0.69,1.289,1096.0,59.33
300373.SZ,20250804,54.1,55.1,53.9,54.72,54.22,0.5,0.9222,905.0,49.44
300373.SZ,20250805,54.8,56.56,54.46,56.21,54.72,1.49,2.723,1381.0,77.08
300373.SZ,20250806,56.01,56.88,55.79,56.68,56.21,0.47,0.8362,1051.0,59.19
300373.SZ,20250807,56.91,57.23,55.9,56.14,56.68,-0.54,-0.9527,1386.0,78.21
300373.SZ,20250808,55.66,58.33,55.37,57.73,56.14,1.59,2.8322,1766.0,101.46
300373.SZ,20250811,57.5,57.88,57.07,57.68,57.73,-0.05,-0.0866,1014.0,58.27
300373.SZ,20250812,57.61,57.94,56.66,57.52,57.68,-0.16,-0.2774,1029.0,58.86
300373.SZ,20250813,57.52,58.69,57.2,58.37,57.52,0.85,1.4777,1202.0,69.74
300373.SZ,20250814,58.3,59.85,57.3,57.4,58.37,-0.97,-1.6618,1526.0,89.22
300373.SZ,20250815,57.37,58.08,57.1,58.0,57.4,0.6,1.0453,1264.0,72.84
300373.SZ,20250818,57.84,58.95,57.49,58.49,58.0,0.49,0.8448,1389.0,80.81
300373.SZ,20250819,58.23,58.5,56.88,57.19,58.49,-1.3,-2.2226,1519.0,87.47
300373.SZ,20250820,57.63,61.49,57.3,60.76,57.19,3.57,6.2424,2466.0,146.44
300373.SZ,20250821,61.2,61.88,59.42,59.77,60.76,-0.99,-1.6294,1642.0,99.28
300373.SZ,20250822,59.8,61.79,59.6,61.49,59.77,1.72,2.8777,1956.0,119.15
300373.SZ,20250825,62.15,63.5,60.42,61.34,61.49,-0.15,-0.2439,2066.0,127.21
300373.SZ,20250826,61.04,62.88,60.66,62.05,61.34,0.71,1.1575,1508.0,93.19
300373.SZ,20250827,62.21,69.83,61.71,65.35,62.05,3.3,5.3183,3144.0,206.4
300373.SZ,20250828,65.11,71.2,65.11,70.37,65.35,5.02,7.6817,3783.0,259.11
300373.SZ,20250829,70.0,70.0,67.06,68.19,70.37,-2.18,-3.0979,2501.0,169.54
300373.SZ,20250901,68.37,69.46,66.58,69.1,68.19,0.91,1.3345,2320.0,157.67
300373.SZ,20250902,68.41,68.42,63.0,64.19,69.1,-4.91,-7.1056,2648.0,172.3
300373.SZ,20250903,64.0,65.56,62.9,63.62,64.19,-0.57,-0.888,1587.0,101.73
300373.SZ,20250904,63.9,64.0,59.14,60.18,63.62,-3.44,-5.4071,2163.0,132.44
300373.SZ,20250905,60.62,63.25,60.15,63.22,60.18,3.04,5.0515,1522.0,94.11
300373.SZ,20250908,63.52,64.99,62.6,64.65,63.22,1.43,2.2619,1440.0,92.01
300373.SZ,20250909,64.01,64.01,62.01,62.96,64.65,-1.69,-2.6141,1045.0,65.8
300373.SZ,20250910,63.35,64.29,62.6,63.15,62.96,0.19,0.3018,968.0,61.43
300373.SZ,20250911,62.87,65.7,62.68,65.27,63.15,2.12,3.3571,1548.0,99.83
300373.SZ,20250912,69.5,71.66,66.9,67.71,65.27,2.44,3.7383,3268.0,224.66
300373.SZ,20250915,69.09,69.8,66.14,66.88,67.71,-0.83,-1.2258,1819.0,122.18
300373.SZ,20250916,66.4,68.17,66.16,67.4,66.46,0.94,1.4144,1517.0,101.82
300373.SZ,20250917,67.44,67.98,66.35,67.3,67.4,-0.1,-0.1484,1513.0,101.67
300373.SZ,20250918,67.24,69.62,66.0,67.48,67.3,0.18,0.2675,2308.0,157.16
300373.SZ,20250919,67.56,68.83,66.12,66.24,67.48,-1.24,-1.8376,1523.0,102.66
300373.SZ,20250922,65.92,67.99,65.92,67.77,66.24,1.53,2.3098,1469.0,98.85
300373.SZ,20250923,67.76,68.38,65.42,67.55,67.77,-0.22,-0.3246,1674.0,111.66
300373.SZ,20250924,67.02,73.5,66.81,72.03,67.55,4.48,6.6321,3265.0,231.09
300373.SZ,20250925,71.5,71.55,69.63,70.73,72.03,-1.3,-1.8048,1990.0,140.55
300373.SZ,20250926,70.31,71.66,69.6,69.8,70.73,-0.93,-1.3149,1480.0,104.25
300373.SZ,20250929,69.46,69.6,67.74,69.45,69.8,-0.35,-0.5014,1454.0,99.96
300373.SZ,20250930,69.8,71.05,68.97,69.44,69.45,-0.01,-0.0144,1506.0,105.24
300373.SZ,20251009,70.19,72.08,69.1,70.13,69.44,0.69,0.9937,1849.0,130.72
300373.SZ,20251010,74.08,79.27,73.25,74.05,70.13,3.92,5.5896,4405.0,333.77
300373.SZ,20251013,72.12,79.59,71.06,77.55,74.05,3.5,4.7265,4570.0,350.81
300373.SZ,20251014,77.77,78.39,74.31,74.7,77.55,-2.85,-3.675,3256.0,247.78
300373.SZ,20251015,75.69,81.99,75.69,80.99,74.7,6.29,8.4203,4333.0,345.56
300373.SZ,20251016,80.0,80.56,77.81,78.45,80.99,-2.54,-3.1362,2822.0,223.3
300373.SZ,20251017,77.9,81.45,75.57,75.8,78.45,-2.65,-3.3779,2521.0,195.73
300373.SZ,20251020,79.0,82.48,78.07,78.79,75.8,2.99,3.9446,3680.0,295.13
300373.SZ,20251021,78.99,81.81,77.52,77.7,78.79,-1.09,-1.3834,3064.0,241.5
300373.SZ,20251022,76.97,77.21,74.45,75.2,77.7,-2.5,-3.2175,1912.0,144.04
300373.SZ,20251023,74.4,75.1,72.9,74.26,75.2,-0.94,-1.25,1459.0,107.65
300373.SZ,20251024,74.66,75.63,72.35,75.46,74.26,1.2,1.6159,2627.0,194.74
300373.SZ,20251027,75.57,76.03,73.02,74.96,75.46,-0.5,-0.6626,2524.0,188.44
300373.SZ,20251028,74.39,75.78,73.5,74.08,74.96,-0.88,-1.174,1775.0,132.69
300373.SZ,20251029,73.99,74.81,72.74,73.74,74.08,-0.34,-0.459,1624.0,119.32
300373.SZ,20251030,73.6,74.0,71.68,71.79,73.74,-1.95,-2.6444,1615.0,117.18
300373.SZ,20251031,71.6,72.34,69.67,69.78,71.79,-2.01,-2.7998,1660.0,117.14
300373.SZ,20251103,69.79,70.2,67.67,68.96,69.78,-0.82,-1.1751,1374.0,94.4
300373.SZ,20251104,68.96,69.35,67.34,68.04,68.96,-0.92,-1.3341,1202.0,82.14
300373.SZ,20251105,67.13,67.89,66.06,67.53,68.04,-0.51,-0.7496,1247.0,83.58
300373.SZ,20251106,68.18,69.89,68.06,69.65,67.53,2.12,3.1393,1631.0,112.7
300373.SZ,20251107,68.65,68.98,67.9,68.24,69.65,-1.41,-2.0244,1121.0,76.68
300373.SZ,20251110,68.61,69.44,66.85,67.62,68.24,-0.62,-0.9086,1163.0,78.84
300373.SZ,20251111,68.33,68.8,66.4,66.7,67.62,-0.92,-1.3605,1061.0,71.53
300373.SZ,20251112,66.0,66.6,65.1,65.6,66.7,-1.1,-1.6492,1030.0,67.63
300373.SZ,20251113,65.6,67.58,65.31,66.78,65.6,1.18,1.7988,1018.0,67.71
300373.SZ,20251114,66.0,66.0,64.51,64.6,66.78,-2.18,-3.2645,918.0,59.96
300373.SZ,20251117,64.64,65.19,64.21,64.68,64.6,0.08,0.1238,611.0,39.46
300373.SZ,20251118,64.54,66.36,64.06,65.11,64.68,0.43,0.6648,930.0,60.81
300373.SZ,20251119,65.0,66.49,64.72,65.57,65.11,0.46,0.7065,897.0,58.91
300373.SZ,20251120,66.47,66.68,64.21,64.35,65.57,-1.22,-1.8606,848.0,55.12
300373.SZ,20251121,63.39,63.98,62.38,62.38,64.35,-1.97,-3.0614,906.0,57.25
300373.SZ,20251124,62.89,63.02,61.72,62.49,62.38,0.11,0.1763,742.0,46.28
300373.SZ,20251125,62.99,65.07,62.93,63.94,62.49,1.45,2.3204,992.0,63.42
300373.SZ,20251126,63.7,64.95,63.19,64.12,63.94,0.18,0.2815,854.0,54.88
300373.SZ,20251127,64.08,65.92,63.98,64.05,64.12,-0.07,-0.1092,998.0,64.91
300373.SZ,20251128,64.03,64.9,63.6,64.68,64.05,0.63,0.9836,591.0,38.12
300373.SZ,20251201,64.69,65.26,64.27,65.24,64.68,0.56,0.8658,860.0,55.67
300373.SZ,20251202,64.84,65.0,63.91,64.11,65.24,-1.13,-1.7321,607.0,39.06
300373.SZ,20251203,64.13,64.67,63.59,63.8,64.11,-0.31,-0.4835,537.0,34.37
300373.SZ,20251204,64.0,65.15,63.17,64.53,63.8,0.73,1.1442,708.0,45.51
300373.SZ,20251205,64.5,64.78,63.6,64.5,64.53,-0.03,-0.0465,615.0,39.51
300373.SZ,20251208,64.65,65.93,64.58,65.76,64.5,1.26,1.9535,907.0,59.4
300373.SZ,20251209,65.56,66.78,65.13,65.4,65.76,-0.36,-0.5474,920.0,60.56
300373.SZ,20251210,65.18,66.18,64.51,65.92,65.4,0.52,0.7951,790.0,51.67
300373.SZ,20251211,66.0,66.39,64.75,64.75,65.92,-1.17,-1.7749,740.0,48.5
300373.SZ,20251212,64.42,65.78,63.5,65.59,64.75,0.84,1.2973,898.0,58.19
300373.SZ,20251215,65.0,65.87,64.15,64.18,65.59,-1.41,-2.1497,680.0,44.12
300373.SZ,20251216,64.06,64.58,62.67,63.21,64.18,-0.97,-1.5114,622.0,39.37
300373.SZ,20251217,63.28,65.1,63.13,65.03,63.21,1.82,2.8793,727.0,46.62
300373.SZ,20251218,64.65,65.2,64.04,64.06,65.03,-0.97,-1.4916,567.0,36.61
300373.SZ,20251219,64.55,65.18,64.14,64.39,64.06,0.33,0.5151,585.0,37.81
